image_width: 800
image_height: 503
camera_name: fish_eye800x503
camera_matrix:
  rows: 3
  cols: 3
  data: [339.316789, 0.000000, 427.080690, 0.000000, 337.984816, 264.901916, 0.000000, 0.000000, 1.000000]
distortion_model: plumb_bob
distortion_coefficients:
  rows: 1
  cols: 5
  data: [-0.240163, 0.032938, -0.000932, -0.000140, 0.000000]
rectification_matrix:
  rows: 3
  cols: 3
  data: [1.000000, 0.000000, 0.000000, 0.000000, 1.000000, 0.000000, 0.000000, 0.000000, 1.000000]
projection_matrix:
  rows: 3
  cols: 4
  data: [246.760895, 0.000000, 415.336025, 0.000000, 0.000000, 278.033508, 271.306831, 0.000000, 0.000000, 0.000000, 1.000000, 0.000000]
