image_width: 1920
image_height: 1208
camera_name: fish_eye
camera_matrix:
  rows: 3
  cols: 3
  data: [798.928522, 0.000000, 950.151284, 0.000000, 800.436439, 616.580740, 0.000000, 0.000000, 1.000000]
distortion_model: plumb_bob
distortion_coefficients:
  rows: 1
  cols: 5
  data: [-0.261004, 0.041896, 0.006503, 0.000228, 0.000000]
rectification_matrix:
  rows: 3
  cols: 3
  data: [1.000000, 0.000000, 0.000000, 0.000000, 1.000000, 0.000000, 0.000000, 0.000000, 1.000000]
projection_matrix:
  rows: 3
  cols: 4
  data: [564.985291, 0.000000, 939.776155, 0.000000, 0.000000, 637.522217, 647.795172, 0.000000, 0.000000, 0.000000, 1.000000, 0.000000]
