image_width: 1920
image_height: 1208
camera_name: sixty
camera_matrix:
  rows: 3
  cols: 3
  data: [1837.485678, 0.000000, 952.848683, 0.000000, 1844.476037, 596.847591, 0.000000, 0.000000, 1.000000]
distortion_model: plumb_bob
distortion_coefficients:
  rows: 1
  cols: 5
  data: [-0.314744, 0.148801, 0.007682, 0.002033, 0.000000]
rectification_matrix:
  rows: 3
  cols: 3
  data: [1.000000, 0.000000, 0.000000, 0.000000, 1.000000, 0.000000, 0.000000, 0.000000, 1.000000]
projection_matrix:
  rows: 3
  cols: 4
  data: [1677.508057, 0.000000, 955.874619, 0.000000, 0.000000, 1781.505493, 601.571735, 0.000000, 0.000000, 0.000000, 1.000000, 0.000000]
