image_width: 800
image_height: 503
camera_name: sixty800x503
camera_matrix:
  rows: 3
  cols: 3
  data: [774.898318, 0.000000, 407.395741, 0.000000, 774.777466, 294.176966, 0.000000, 0.000000, 1.000000]
distortion_model: plumb_bob
distortion_coefficients:
  rows: 1
  cols: 5
  data: [-0.274878, 0.073693, -0.000628, -0.000046, 0.000000]
rectification_matrix:
  rows: 3
  cols: 3
  data: [1.000000, 0.000000, 0.000000, 0.000000, 1.000000, 0.000000, 0.000000, 0.000000, 1.000000]
projection_matrix:
  rows: 3
  cols: 4
  data: [713.334839, 0.000000, 408.722760, 0.000000, 0.000000, 749.605042, 296.637933, 0.000000, 0.000000, 0.000000, 1.000000, 0.000000]
